0866_1 target: (30,28) ----------------------- start: (45,18), (33,16), (20,23), (24,30), (40,15), (38,27), (36,16), (37,29), (34,19), (36,21)
0866_2 target: (27,3)   -----------------------start: (26,10), (29,15), (36,13), (23,12), (37,2),  (42,15), (35,0),  (33,10), (32,13), (21,9)
2020_1 target: (30,30) ------------------------start: (39,20), (43,26), (27,19), (33,18), (20,32), (37,18), (24,21), (23,32), (21,26), (43,22)
2020_2 target: (34,2) -------------------------start: (21,1),  (21,5),  (23,8),  (24,9),  (25,10), (26,11), (40,10), (30,12), (36,11), (43,8)
2476_1 target: (34,30) ------------------------start: (21,22), (21,24), (27,20), (44,20), (29,17), (39,26), (20,30), (34,18), (40,18), (44,26)
2476_2 target: (33,2) -------------------------start: (19,1),  (19,3),  (21,6),  (43,13), (27,13), (32,14), (22,9),  (37,14), (40,14), (29,13)
3352_1 target: (35,29) ------------------------start: (22,30), (23,28), (22,26), (23,23), (25,25), (24,22), (25,22), (37,17), (30,22), (31,21)
3352_2 target: (32,0) -------------------------start: (22,1),  (21,3),  (22,6),  (24,10), (26,11), (28,10), (32,14), (25,4),  (34,14), (31,10) 	 
4871_1 target: (35,30)-------------------------start: (21,22), (21,24), (20,26), (44,26), (29,17), (34,18), (40,18), (20,30), (26,19), (31,19)
4871_2 target: (34,1)--------------------------start: (19,3),  (21,7),  (23,9),  (25,11), (35,14), (29,14), (37,14), (33,13), (40,14), (42,12)
5069_1 target: (34,30)-------------------------start: (21,30), (22,26), (23,23), (27,21), (32,18), (35,18), (39,19), (29,18), (43,19), (24,22)
5069_2 target: (30,1) -------------------------start: (21 ,2), (25,8),  (25,10), (28,12), (32,14), (34,14), (38,14), (40,14), (29,13), (44,12)
5900_1 target: (36,30)-------------------------start: (21,30), (23,28), (23,25), (41,20), (24,20), (27,18), (29,17), (34,17), (37,18), (40,18)
5900_2 target: (34,1) -------------------------start: (22,0),  (21,5),  (25,12), (39,15), (33,15), (21,2),  (44,13), (25,7),  (42,14), (44,7)
5960_1 target: (38,28)-------------------------start: (21,28), (22,24), (23,21), (25,18), (29,17), (34,16), (38,17), (42,18), (46,21), (30,16)
5960_2 target: (34,1) -------------------------start: (20,2),  (31,14), (21,0),  (22,5),  (36,14), (44,12), (28,13), (45,10), (45,6),  (23,8)
6685_1 target: (35,31)-------------------------start: (20,31), (33,17), (44,24), (21,24), (41,18), (44,21), (21,28), (36,17), (31,17), (39,17)
6685_2 target: (35,0) -------------------------start: (24,10), (20,3),  (33,11), (42,12), (44,7),  (26,12), (22,8),  (25,1),  (21,5),  (21,1)

9647_1 target: (35,29)-------------------------start: (29,15), (20,23), (18,30), (18,27), (30,16), (43,24), (25,17), (40,16), (35,15), (24,18) 
9647_2 target: (27,10)-------------------------sttart:(38,1),  (18,3),  (31,0),  (38,5),  (45,9),  (18,5),  (45,11), (24,14), (34,1),  (29,16)


